18796
1384
37096
26584
17572
27408
16944
38048
34880
19972
9872
30760
19800
8700
24212
34548
21984
16660
32832
6468
18632
13416
22360
1992
20192
3648
29324
28844
35324
16360
4140
38008
35404
23584
5076
28984
8440
18824
29576
13584
20060
19512
29244
28544
21216
2476
14976
21024
4804
37676
25696
4124
11792
13996
19688
34932
28792
3648
37524
1644
14536
26796
14324
13188
15152
35888
25988
4980
27520
18180
31576
17244
39116
39128
39432
39032
20816
39380
21848
32324
27064
19688
32052
14636
15152
23840
32760
23748
21148
5500
5096
11360
20268
28224
35076
35200
30308
36012
17412
18588
24536
13240
34716
25248
31436
39808
10544
15900
17984
39092
26576
32328
38436
1080
18060
10704
39376
23488
24536
23944
20424
16900
39504
4176
26976
30056
9876
4928
39688
18040
31240
8696
19836
32112
2420
27628
17524
35328
25292
13860
27416
30060
24508
14872
27192
16512
35252
31324
15164
8476
14108
39732
22020
24848
17788
38848
24444
19488
39696
17208
36064
22000
29632
31492
34272
24508
12192
19172
37444
28016
15164
23336
33356
19088
19608
38848
32316
13472
22956
26416
37792
35888
25788
39280
16212
9680
23916
28400
24532
33248
39252
14496
28352
28624
8368
32348
21884
35816
22436
34716
29952
25708
19224
25720
22540
26436
39924
20468
15184
4044
21792
19532
26664
38284
38172
26508
12744
31604
23584
31932
13336
37640
17172
32328
20476
1996
18168
26976
25512
1844
13824
29024
14396
14180
30564
11044
26128
15208
24508
39892
6688
39764
4704
16588
19936
10120
22744
16924
29156
15936
19252
27440
13644
39672
12912
9544
35188
1960
18236
37624
11144
4380
22644
19380
39900
3444
21540
29484
15592
22952
36476
23652
23836
7644
38076
12232
12980
20580
15032
5252
33736
39360
33044
28424
12952
22332
31060
17204
34248
12828
15652
39268
6500
13612
23892
27008
16748
32444
38940
20824
32932
35864
15260
5692
29680
29084
12484
4972
26788
12144
29112
2488
8224
33984
30732
27124
34040
31520
19392
34224
15048
17928
15900
31592
17696
30280
30172
11768
34288
12516
25236
17788
30420
18412
21308
16616
31168
39360
12600
5856
39000
4208
1412
26688
38756
12156
21692
23948
32912
34388
15688
27768
33048
25968
18348
23652
19620
18440
40940
41564
37456
40800
23284
31436
30628
37456
24748
27072
38440
37840
35136
23764
12640
10960
32824
15676
34896
40716
13368
13596
21912
33604
10360
3184
27612
13920
19084
23496
37120
36324
33936
29172
17676
17464
24704
40248
32456
35056
39440
12192
5048
20500
38896
17476
35712
15708
32084
21680
35516
21916
4432
2380
34792
13440
35708
14844
20072
40644
15200
30392
10080
41752
7788
39732
41908
29180
5468
14112
38936
35260
22784
29060
35708
3928
40456
39708
23420
21588
10864
6556
16156
31284
33584
18976
13776
20140
10500
24420
2304
27376
25936
11540
38288
28856
39784
36932
33024
22576
26836
16060
24300
36264
31440
15120
39172
28444
30992
29584
41424
2148
11512
33788
38412
39784
8444
4648
25968
11284
3624
6636
39732
33432
4684
39708
17572
19600
13728
29952
41032
17940
6908
40724
9944
20152
24888
30856
34440
20560
15520
30412
41552
15428
14812
39172
14232
40724
35776
14696
21308
41396
15916
18832
40384
4140
3380
4104
27800
21404
3532
4744
4440
28828
41744
32688
34088
6292
18048
42036
26872
3124
29924
7872
41168
14480
42796
36660
30744
16772
41992
38556
35120
42284
38756
40716
29712
40624
41112
20192
18816
35044
1052
35952
40212
39076
20812
27224
12948
16312
12440
37412
31620
12828
10772
25584
31668
19964
21436
41836
37468
34680
41196
41760
25568
31800
26156
41868
35708
41576
41028
41892
4356
6856
16616
41536
35732
25636
29276
15996
11012
37628
20208
16864
21144
13028
22516
24732
39192
42264
37712
40380
25260
13980
14872
5420
10272
16344
40856
37672
35304
31324
10392
27524
16064
39416
36216
10988
13168
23644
16636
24728
15796
1688
22020
19880
4484
17576
24584
22180
18092
42120
37672
25284
36332
42908
24836
20288
6700
24172
41484
1052
4644
21768
41160
21892
18088
24668
36360
25780
24748
14044
33708
30020
30392
23960
39540
42644
3208
30828
20948
37488
40204
20292
27600
27100
38496
27224
42484
13808
32260
6700
21660
13584
14140
12896
2128
12744
2136
7548
2476
23724
23076
27652
24916
25668
29304
31488
22360
29604
25684
32864
23792
26756
34692
27292
4640
34548
31704
23232
22108
28400
29220
8208
33484
32372
25980
16932
35552
30716
27284
22332
21192
32244
6232
34632
31312
19956
25384
20428
25032
28664
2688
2076
4604
30824
28388
30856
35704
33992
27228
15332
25492
27736
30980
34280
31796
20768
33688
29768
23140
31064
23484
26440
12860
32156
20944
35332
25904
28220
20840
24040
20808
27004
18996
5604
23484
34104
35060
34364
12532
32756
3536
32216
23384
29812
23344
20988
2236
3236
11156
21920
26912
33240
31888
23140
22024
20004
28664
36240
36288
26640
34020
21276
12780
36488
23568
11148
2800
19868
28552
31372
31496
6224
31172
31820
23652
33128
27212
10672
18780
3600
29156
23000
29792
22024
36168
30628
22156
19632
28544
12780
32600
16032
19756
6832
22952
2860
28648
30732
9000
23760
30236
14544
12760
14352
30760
27656
12488
6232
2088
26128
4656
4684
26932
29776
11664
2648
23112
23604
17356
1824
32588
32388
32680
32316
32728
13288
18248
9392
7300
11764
3244
24372
4248
13352
32148
32884
2804
9420
26992
32940
33072
9580
596
32228
14348
9796
28876
2676
10396
29112
28396
32792
23012
33160
35404
19784
16800
21052
33492
35552
6440
32572
19720
18452
32712
5308
27544
13152
24560
5852
34932
35772
20540
35732
9428
1708
31848
1032
22260
31332
12856
2064
2360
30744
28932
1920
33576
33064
33616
33996
32168
17576
3384
7876
23952
20252
19860
11564
26668
32268
33192
17720
34932
12348
32780
24224
29040
29812
11748
11052
25428
23980
34864
33320
12444
32708
32448
22564
10884
20384
30564
28060
13368
24184
22604
31884
31952
23388
19764
33956
12448
32928
34984
6760
35180
33420
31176
10664
29336
30792
5244
3448
7120
616
34404
25800
35096
33384
34588
31780
34940
23168
34812
19576
27396
12572
32672
29816
29496
33948
27496
33120
29200
33536
35480
33548
2504
3328
30808
7408
17520
31912
24068
30480
10256
27372
14836
28908
27652
14592
33336
6132
23360
29732
34924
35372
16660
31324
28084
29428
35456
3464
30964
10080
35808
13216
25380
31012
23652
35064
28412
21144
35576
33760
34220
11700
27612
32088
33776
35688
19976
29804
4020
24520
27784
21148
33112
12732
30532
32924
19860
33124
32972
22328
7364
30724
21072
32640
32512
33512
35356
19348
32392
31252
28052
32176
26912
27684
2896
35156
23420
28180
23348
33216
35308
31868
33152
20740
32276
35552
30420
21428
14176
6692
30044
33904
32764
27892
35808
14296
35496
35100
11824
2804
12264
8176
13076
29384
19628
2556
12756
2896
35096
21296
33756
35360
24072
33884
24464
29588
23020
12884
30088
35764
23976
21936
12672
4980
33596
2096
30304
32512
12144
29276
14624
3176
31964
3380
28400
31100
34168
35592
20384
33356
29248
34744
22636
23952
1824
19852
27976
20540
5364
2708
28300
9852
20196
32888
33052
27284
34132
2608
31620
33580
9436
32548
29040
9088
27800
22960
12488
34004
35212
29608
23204
32824
26156
32160
28884
20316
27056
13036
3380
27316
23300
4916
30612
23992
32188
26164
17764
9600
8668
30344
7480
20776
10660
26200
27244
30276
4548
5144
2324
26348
23632
20224
26964
22188
27308
2708
29124
28396
13268
27684
34860
24488
11748
12732
35424
17296
2848
11504
24568
24036
27556
35296
20252
32824
22244
24540
25052
35292
35780
33132
32756
32572
28756
33504
10212
35084
13252
19764
14936
24888
24356
30364
13172
25676
34760
33132
30148
2128
17960
27064
30196
21104
10248
5988
17448
30404
5100
27448
19500
30744
24276
9320
6824
9960
32436
34624
32892
24316
17760
14932
5196
20492
20204
28556
26692
14056
28492
26428
32324
35208
21384
32484
29376
35264
32656
9992
2424
30532
1552
20204
30296
28724
30036
11860
11500
27272
29944
30592
11508
25480
5932
1164
25704
27788
17536
5956
30404
29152
33388
11908
17144
34940
6800
28428
25156
21096
23712
28316
32384
25524
29936
33484
30180
3424
35508
23824
19576
24252
10232
31132
28072
6140
6732
33788
33232
29412
9624
35156
11384
34560
25480
26640
31708
31876
27592
14584
23392
28468
19640
25176
33104
30648
26676
6460
34296
18876
24260
18184
35720
18904
15292
9624
9256
29936
8996
12900
13128
27044
32384
9648
34904
14824
14436
32048
34748
29024
13196
3464
26352
32740
23864
32584
26964
23744
29200
31972
29680
26856
29432
35616
31696
24392
28936
33628
28156
17624
30584
25516
30632
30000
5280
28012
2360
35700
5520
32992
32772
34684
32628
13112
8140
28220
4688
31356
5196
9364
21344
6312
17812
18952
23104
32580
34000
34628
33332
5380
6332
22708
28668
25124
34656
31244
26056
29812
31764
33552
1792
4992
31312
11404
30916
17212
35176
25804
30616
34952
19760
30552
12780
35348
3372
34028
24724
31200
6120
35740
24040
31692
33576
13460
24952
34260
32352
35616
23976
23608
4664
25352
4568
22224
26788
31592
27248
11516
11144
24936
23824
28632
32188
34776
35912
17452
23500
34252
24060
23800
23844
5328
12776
32136
21124
7872
28036
3992
24692
24924
6416
9896
10068
20280
5984
31372
35908
2592
24172
27612
12012
21320
3860
35940
20532
13944
16496
31576
24416
29792
31832
32620
4200
20052
32604
6240
31512
24556
22244
27656
20136
24628
6932
25004
10288
32452
33784
28484
9632
32052
32184
22196
21936
23564
25592
25484
27836
26136
24216
28872
6724
6320
28912
24196
24524
26100
12784
28316
12208
9776
24664
36276
32772
34300
11644
24416
26668
34092
14968
12908
35520
29972
20048
17536
10164
33696
2024
664
29008
29072
36448
5980
2152
31780
12580
13528
32972
8664
27528
30204
32756
19728
36324
24524
6120
1920
29304
24108
23324
5924
29112
30880
20028
33936
6880
29832
13904
23792
17968
30736
23824
11948
30836
31336
10524
33532
23864
24412
35856
34888
8900
8024
2656
17724
33924
26892
10092
31696
31180
29964
33964
30160
34216
30840
24200
34788
19976
33820
24872
30568
30932
2468
8480
33944
26076
5044
30464
35576
21516
31380
35400
30712
34480
27500
8488
32676
6168
35896
4300
34300
24700
5136
35080
35180
35984
27480
35884
36460
36484
36756
37700
35336
37380
34192
37488
3476
30304
38108
38324
35060
25196
36724
37928
37968
38244
38556
39884
37392
36808
37224
27056
40140
40348
31008
35812
36648
36980
36952
35904
35220
37240
30948
24516
26836
36424
36852
33620
41188
41180
35892
35552
37664
5800
40404
24256
34500
38480
38492
38520
38920
39152
34444
21564
26716
2944
32020
36356
36972
25852
36636
25812
39548
30776
33064
33264
38416
41420
39956
35776
38448
40644
40492
41744
28452
41844
36656
35608
40600
35700
41276
33860
3440
34484
34716
39124
24936
40884
25728
33064
10104
23720
15276
28988
20264
40436
37228
41148
25340
39248
23272
39768
22236
14708
2380
35144
26920
19908
27716
38412
14224
29928
23652
41692
956
12920
40612
31660
27152
8788
30264
6952
36980
40984
38328
27512
29120
31448
16464
39732
28776
26744
38680
20188
26420
2812
19776
31660
35416
38524
36640
29160
36236
23380
25188
12768
12368
30440
35816
30608
6396
41772
11352
40724
31512
23080
8996
39284
33568
35604
36524
12192
33476
34256
33756
31564
28728
36260
20808
36524
23200
1848
36824
32580
38420
26996
39288
21824
7432
26528
36968
33452
3776
21304
11044
9776
34788
17612
20740
27136
35320
40812
4108
34404
19716
40340
33308
12000
8424
23808
37472
19984
11356
35476
26816
3560
25472
27480
31228
26688
35540
35376
5980
5768
23208
27604
29528
23520
34768
4952
37584
39600
13720
41468
33104
41840
41588
33764
41144
40084
41376
17840
40668
4148
5044
4300
2596
32820
27472
34828
5156
31396
23292
8020
33564
29836
11072
13012
36992
35976
26444
2668
39512
26720
40624
27772
39288
32112
26316
38732
31520
36224
36920
25320
35716
18232
12748
36088
33504
14096
23028
25744
24200
28704
26632
28152
18384
14092
27284
2220
22052
27140
2356
13248
21944
24964
2092
25900
6820
5572
20800
10132
23744
8924
21672
26612
23704
27376
27304
27456
25748
25920
6380
22944
3252
27220
17996
23836
21984
26992
3088
14756
26924
12360
28400
27384
28196
20648
17096
21584
12048
22136
23648
20872
6208
11204
23744
20760
4436
1324
1040
27552
24036
9860
12048
26024
13644
26908
5848
26960
23688
29068
26896
9804
16960
20188
6920
9008
11688
26404
11796
528
4628
14108
24984
29776
12336
19720
30372
24348
24004
3672
13128
26744
23480
21124
16532
30428
21840
10104
30024
28752
11008
25004
29776
22264
24036
6588
12812
8264
27528
30528
17064
23340
25776
20812
29740
21708
31436
12292
32596
32240
28664
31192
26284
16356
32460
32712
23308
32444
26360
24808
26800
21180
30536
5600
31636
30468
24472
